0 0 0.9274580501392758 0.0104761328125 0.9147347632311977 0.029473781249999997 0.8740756880222842 0.036214092187500005 0.7796733704735376 0.044371396875 0.5063994233983287 0.047824989062500003 0.49199634261838443 0.0643412734375 0.4737388133704736 0.06679579062499999 0.45325719777158774 0.061585659375000004 0.4382238830083565 0.0530561640625 0.42799403064066854 0.032650964062499996 0.4142577103064067 0 0.40166868523676885 0 0.9274580501392758
0 0.9947005515624999 1 0.997747140625 0.7821133704735377 0.9933750124999999 0.784678139275766 0.9898408859375 0.804840983286908 0.993649265625 0.8425946072423398 0.9784657953125 0.9981230000000001 0.97839629375 1 0.9947005515624999 1
0 0.8923328421875001 0.878226409470752 0.8960011937499999 0.8484639442896935 0.9132423015625 0.7783684846796657 0.9255743750000001 0.7492362562674095 0.9302954906249999 0.7217124874651811 0.9413600390625 0.7057009526462396 0.935043453125 0.692268791086351 0.9179307718749999 0.6756489359331476 0.8480514515625 0.6338097465181058 0.7586049328125 0.5958323119777158 0.752127275 0.5939196935933148 0.7412237984375001 0.5984116852367688 0.74848576875 0.6217622339832869 0.7450590234375001 0.6342453871866296 0.74034370625 0.7388848579387186 0.7415901875 0.804799791086351 0.7649926078125 0.8367717270194986 0.813199203125 0.8779952952646239 0.8627807078125 0.8984184735376045 0.8845071234375 0.8951942534818941 0.8923328421875001 0.878226409470752
0 0.2623182953125 0.5803905348189414 0.26677095781250004 0.5720659972144847 0.276422153125 0.4245433704735376 0.2842478734375 0.4075755236768802 0.26502966250000004 0.3864782813370473 0.179794203125 0.3574556239554318 0.174396153125 0.35586177437325905 0.1343969109375 0.3479071364902507 0.1310507015625 0.35463052367688025 0.1234665890625 0.35431905849582174 0.127650803125 0.3651937520891365 0.1373404421875 0.3699826044568245 0.130728559375 0.37766960167130914 0.1360729140625 0.3831032980501393 0.1304869515625 0.3949489108635097 0.1467195390625 0.5520419387186629 0.16812381406250002 0.5718567994428969 0.212387803125 0.584926356545961 0.2623182953125 0.5803905348189414
0 0 0.48944244846796653 0.01095719375 0.492677713091922 0.015356165625000001 0.4881930194986072 0.033709528125 0.4936121058495822 0.04010665 0.5012844986072423 0.041374175 0.4881638050139276 0.063288509375 0.4715001197771588 0.059050606250000005 0.46446527019498607 0.06458287968750001 0.4564595013927577 0.058185759375 0.44878711420612816 0.06153196875 0.4420637298050139 0.0540820828125 0.4321526490250696 0.0454183609375 0.4315224122562674 0.033703728125 0.4164964066852368 0 0.4039535598885794 0 0.48944244846796653
0 0.2348542875 0.37371288300835653 0.27363969374999997 0.39094836490250695 0.2864070921875 0.40821306685236775 0.27860821874999997 0.4232609832869081 0.273350196875 0.4891832228412257 0.2751872734375 0.5128598412256268 0.30220435625 0.5189091615598885 0.31742627031250004 0.5156922451253482 0.3264331796875 0.41424777994428974 0.3310200703125 0.39632362116991643 0.3041640578125 0.3787547632311978 0.240467096875 0.35994734540389967 0.23941433281250002 0.357708651810585 0.229536775 0.36635926183844014 0.2348542875 0.37371288300835653
0 0.7233536515625001 0.5584339832869081 0.6997633125 0.5399015069637884 0.63298859375 0.5086182395543176 0.630829375 0.5079807019498607 0.623191571875 0.5115090807799443 0.624765996875 0.6315006350974931 0.6504350171875 0.656430417827298 0.699017446875 0.670775061281337 0.7026321078125 0.6448524428969359 0.7105383625 0.6221248300835654 0.7131002609375 0.5939635208913648 0.7233536515625001 0.5584339832869081
0 0.3210590765625 0.37217615320334263 0.3151212234375 0.37042292200557103 0.3074297328125 0.3777911448467967 0.327861778125 0.3896075431754875 0.3310200703125 0.39632362116991643 0.32513880781250004 0.42928838997214486 0.3246287484375 0.4657669359331476 0.36886589375 0.4807564206128134 0.3798172609375 0.3953088774373259 0.3269969296875 0.3739293871866295 0.3210590765625 0.37217615320334263
0 0.6223056812500001 0.5748665515320335 0.623191571875 0.5115090807799443 0.657765921875 0.5197897910863509 0.663325040625 0.5098641002785516 0.6580343734375 0.5005905598885794 0.613904609375 0.47792138161559894 0.60634734375 0.47568999442896936 0.6008419140625 0.4817758412256267 0.6008477171875 0.5588915403899721 0.6223056812500001 0.5748665515320335
0 0.5689157984375 0.5166897520891365 0.59479958125 0.5262601504178273 0.5997354609375 0.48337699164345405 0.60421496875 0.4731325292479109 0.592473490625 0.4600264484679666 0.581677396875 0.4568387520891365 0.58062463125 0.4546000557103064 0.5621638890625 0.4568606657381616 0.5625186765625 0.5090173649025069 0.5689157984375 0.5166897520891365
0 0.376577271875 0.378929426183844 0.35412139531250003 0.37229901671309196 0.3529612484375 0.3777400139275766 0.37771173125 0.39083148746518104 0.379683034375 0.4049084930362117 0.3760146828125 0.4346709582172702 0.3835182578125 0.4407421922005571 0.39004960624999996 0.4388149637883008 0.39401325625 0.387933348189415 0.3821912421875 0.3805870306406685 0.376577271875 0.378929426183844
0 0.42783158906249996 0.3921351281337047 0.404836196875 0.3892011197771587 0.408590884375 0.4307945877437326 0.4323154484375 0.43972744289693594 0.437143946875 0.4045239832869081 0.43403934375000003 0.3939680529247911 0.42783158906249996 0.3921351281337047