0 0 0.5885416666666666 0.0166015625 0.640625 0.0185546875 0.6684027777777778 0.029296875 0.7170138888888888 0.0361328125 0.7309027777777778 0.0537109375 0.7413194444444444 0.09765625 0.7413194444444444 0.123046875 0.7309027777777778 0.15234375 0.7274305555555556 0.19921875 0.6996527777777778 0.2197265625 0.6805555555555556 0.23046875 0.6614583333333334 0.23828125 0.4357638888888889 0.248046875 0.4184027777777778 0.2470703125 0.40625 0.234375 0.3975694444444444 0.2060546875 0.3923611111111111 0.1064453125 0.3923611111111111 0.10546875 0.390625 0.0185546875 0.4010416666666667 0 0.4097222222222222 0 0.5885416666666666
0 0.7919921875 0.6701388888888888 0.80078125 0.6979166666666666 0.822265625 0.7256944444444444 0.861328125 0.7552083333333334 0.9453125 0.7829861111111112 0.9697265625 0.7829861111111112 0.9814453125 0.7760416666666666 0.9990234375 0.7291666666666666 0.9990234375 0.4809027777777778 0.9814453125 0.4704861111111111 0.9560546875 0.4670138888888889 0.900390625 0.4479166666666667 0.818359375 0.4340277777777778 0.8173828125 0.4322916666666667 0.80078125 0.4392361111111111 0.791015625 0.4496527777777778 0.791015625 0.4600694444444444 0.798828125 0.4826388888888889 0.7919921875 0.5607638888888888 0.794921875 0.5763888888888888 0.7919921875 0.6024305555555556 0.7919921875 0.6701388888888888
0 0.7958984375 0.4809027777777778 0.7880859375 0.4513888888888889 0.7939453125 0.4409722222222222 0.810546875 0.4270833333333333 0.8173828125 0.4114583333333333 0.806640625 0.4027777777777778 0.7763671875 0.3958333333333333 0.7041015625 0.3871527777777778 0.69921875 0.3871527777777778 0.689453125 0.3871527777777778 0.685546875 0.3923611111111111 0.6884765625 0.5416666666666666 0.70703125 0.5572916666666666 0.7294921875 0.5677083333333334 0.7841796875 0.5677083333333334 0.7900390625 0.5503472222222222 0.7958984375 0.4809027777777778
0 0.689453125 0.3802083333333333 0.689453125 0.3715277777777778 0.662109375 0.3628472222222222 0.6484375 0.3506944444444444 0.6201171875 0.3472222222222222 0.619140625 0.3454861111111111 0.615234375 0.3541666666666667 0.619140625 0.4548611111111111 0.6279296875 0.4635416666666667 0.6416015625 0.4670138888888889 0.6845703125 0.4670138888888889 0.6865234375 0.4322916666666667 0.6826171875 0.3923611111111111 0.689453125 0.3802083333333333
0 0.3505859375 0.3854166666666667 0.357421875 0.3559027777777778 0.3515625 0.3472222222222222 0.3525390625 0.3420138888888889 0.3505859375 0.3489583333333333 0.3291015625 0.3420138888888889 0.3037109375 0.3420138888888889 0.30078125 0.3420138888888889 0.251953125 0.3472222222222222 0.2451171875 0.3541666666666667 0.2607421875 0.484375 0.265625 0.4930555555555556 0.306640625 0.4982638888888889 0.3359375 0.4913194444444444 0.34375 0.4826388888888889 0.3505859375 0.3854166666666667
0 0.3486328125 0.4392361111111111 0.3544921875 0.4427083333333333 0.3779296875 0.4375 0.3876953125 0.3489583333333333 0.3857421875 0.3350694444444444 0.3642578125 0.3298611111111111 0.3623046875 0.3298611111111111 0.3505859375 0.3368055555555556 0.3212890625 0.3385416666666667 0.32421875 0.34375 0.345703125 0.3472222222222222 0.357421875 0.3559027777777778 0.3515625 0.3732638888888889 0.3486328125 0.4270833333333333 0.3486328125 0.4392361111111111
0 0.419921875 0.3298611111111111 0.380859375 0.3263888888888889 0.3740234375 0.3263888888888889 0.369140625 0.3315972222222222 0.37890625 0.3315972222222222 0.3876953125 0.3420138888888889 0.3818359375 0.3888888888888889 0.3828125 0.4027777777777778 0.41796875 0.4027777777777778 0.42578125 0.3350694444444444 0.419921875 0.3298611111111111
0 0.5791015625 0.3350694444444444 0.580078125 0.3767361111111111 0.5830078125 0.3836805555555556 0.60546875 0.3854166666666667 0.6083984375 0.3368055555555556 0.599609375 0.3298611111111111 0.5947265625 0.3298611111111111 0.5791015625 0.3350694444444444
0 0.619140625 0.3559027777777778 0.6552734375 0.3559027777777778 0.654296875 0.3454861111111111 0.6220703125 0.3402777777777778 0.6171875 0.3402777777777778 0.6083984375 0.3420138888888889 0.6064453125 0.3541666666666667 0.6064453125 0.3871527777777778 0.6083984375 0.40625 0.6123046875 0.4131944444444444 0.6171875 0.4114583333333333 0.6162109375 0.3715277777777778 0.619140625 0.3559027777777778
0 0.4453125 0.3211805555555556 0.4453125 0.3333333333333333 0.4521484375 0.3559027777777778 0.470703125 0.3541666666666667 0.4716796875 0.3246527777777778 0.4677734375 0.3177083333333333 0.462890625 0.3177083333333333 0.4453125 0.3211805555555556
0 0.42578125 0.3194444444444444 0.42041015625 0.3194444444444444 0.4033203125 0.3229166666666667 0.4072265625 0.328125 0.421875 0.3298611111111111 0.4248046875 0.3350694444444444 0.4228515625 0.3663194444444444 0.431640625 0.3680555555555556 0.435546875 0.3229166666666667 0.42578125 0.3194444444444444