0 0 0.9982638888888888 0.0166015625 0.9982638888888888 0.03515625 0.9861111111111112 0.0654296875 0.9479166666666666 0.0869140625 0.9149305555555556 0.103515625 0.8732638888888888 0.1083984375 0.7864583333333334 0.1123046875 0.5381944444444444 0.115234375 0.5243055555555556 0.1298828125 0.5034722222222222 0.1318359375 0.484375 0.126953125 0.4722222222222222 0.119140625 0.4652777777777778 0.1005859375 0.4583333333333333 0.00390625 0.4496527777777778 0 0.4496527777777778 0 0.9982638888888888
0 0.9990234375 0.5295138888888888 0.98828125 0.5277777777777778 0.98046875 0.5277777777777778 0.970703125 0.5364583333333334 0.9677734375 0.5555555555555556 0.9716796875 0.5885416666666666 0.9599609375 0.7326388888888888 0.95703125 0.8611111111111112 0.966796875 0.8923611111111112 0.9990234375 0.9427083333333334 0.9990234375 0.5295138888888888
0 0.8544921875 0.6736111111111112 0.8740234375 0.6649305555555556 0.880859375 0.6475694444444444 0.8837890625 0.6197916666666666 0.8984375 0.5520833333333334 0.9091796875 0.5225694444444444 0.9130859375 0.4965277777777778 0.9228515625 0.4791666666666667 0.9169921875 0.46875 0.9013671875 0.4583333333333333 0.837890625 0.4392361111111111 0.7568359375 0.4288194444444444 0.7509765625 0.4288194444444444 0.7412109375 0.4357638888888889 0.748046875 0.4548611111111111 0.7451171875 0.4670138888888889 0.7421875 0.5625 0.744140625 0.6215277777777778 0.765625 0.6440972222222222 0.8095703125 0.6684027777777778 0.8544921875 0.6736111111111112
0 0.1884765625 0.4149305555555556 0.205078125 0.5520833333333334 0.224609375 0.5642361111111112 0.2646484375 0.5642361111111112 0.3095703125 0.546875 0.3134765625 0.5381944444444444 0.3203125 0.4027777777777778 0.3271484375 0.3854166666666667 0.3095703125 0.3715277777777778 0.232421875 0.3680555555555556 0.2275390625 0.3680555555555556 0.19140625 0.3715277777777778 0.1884765625 0.3784722222222222 0.181640625 0.3802083333333333 0.185546875 0.3888888888888889 0.1943359375 0.390625 0.1884765625 0.3993055555555556 0.193359375 0.4027777777777778 0.1884765625 0.4149305555555556
0 0 0.5451388888888888 0.01953125 0.5434027777777778 0.025390625 0.5486111111111112 0.0361328125 0.5399305555555556 0.048828125 0.5434027777777778 0.0361328125 0.5381944444444444 0.029296875 0.5416666666666666 0.02734375 0.5364583333333334 0.033203125 0.5329861111111112 0.0341796875 0.5260416666666666 0.0498046875 0.5381944444444444 0.060546875 0.5295138888888888 0.0625 0.5347222222222222 0.08203125 0.5347222222222222 0.0859375 0.5295138888888888 0.1025390625 0.5295138888888888 0.1083984375 0.5347222222222222 0.109375 0.5225694444444444 0.12890625 0.5017361111111112 0.125 0.4965277777777778 0.1298828125 0.4878472222222222 0.1240234375 0.4826388888888889 0.126953125 0.4756944444444444 0.1201171875 0.46875 0.1123046875 0.4704861111111111 0.1015625 0.4600694444444444 0.0107421875 0.453125 0.00537109375 0.453125 0 0.453125 0 0.5451388888888888
0 0.3447265625 0.4809027777777778 0.3583984375 0.4739583333333333 0.365234375 0.3802083333333333 0.369140625 0.3628472222222222 0.3447265625 0.3541666666666667 0.287109375 0.3541666666666667 0.2861328125 0.3524305555555556 0.27734375 0.3628472222222222 0.2822265625 0.3680555555555556 0.3173828125 0.3732638888888889 0.3291015625 0.3854166666666667 0.322265625 0.4010416666666667 0.318359375 0.4618055555555556 0.3203125 0.4826388888888889 0.3447265625 0.4809027777777778
0 0.724609375 0.4045138888888889 0.703125 0.3940972222222222 0.642578125 0.3836805555555556 0.640625 0.3836805555555556 0.6337890625 0.3888888888888889 0.63671875 0.4965277777777778 0.66015625 0.5121527777777778 0.7041015625 0.5121527777777778 0.70703125 0.4878472222222222 0.7138671875 0.4652777777777778 0.7158203125 0.4392361111111111 0.724609375 0.4045138888888889
0 0.4130859375 0.3489583333333333 0.365234375 0.34375 0.35986328125 0.34375 0.3544921875 0.34375 0.34765625 0.3524305555555556 0.3662109375 0.3576388888888889 0.369140625 0.3628472222222222 0.3642578125 0.3940972222222222 0.3642578125 0.4270833333333333 0.404296875 0.4288194444444444 0.4130859375 0.3489583333333333
0 0.625 0.3611111111111111 0.6181640625 0.3611111111111111 0.61328125 0.3680555555555556 0.6142578125 0.4375 0.6337890625 0.4461805555555556 0.6337890625 0.3888888888888889 0.6650390625 0.3871527777777778 0.669921875 0.3767361111111111 0.6650390625 0.3697916666666667 0.625 0.3611111111111111
0 0.595703125 0.3506944444444444 0.5947265625 0.3489583333333333 0.578125 0.3559027777777778 0.5791015625 0.4027777777777778 0.5849609375 0.4079861111111111 0.6083984375 0.4097222222222222 0.6123046875 0.3697916666666667 0.6162109375 0.359375 0.60546875 0.3506944444444444 0.595703125 0.3506944444444444
0 0.42578125 0.3385416666666667 0.4150390625 0.3350694444444444 0.4099609375 0.3350694444444444 0.3896484375 0.3350694444444444 0.388671875 0.3402777777777778 0.4111328125 0.3454861111111111 0.4130859375 0.3576388888888889 0.41015625 0.3854166666666667 0.4169921875 0.3888888888888889 0.4228515625 0.3854166666666667 0.42578125 0.3385416666666667
0 0.439453125 0.3732638888888889 0.4609375 0.375 0.46484375 0.3420138888888889 0.4619140625 0.3333333333333333 0.456298828125 0.3333333333333333 0.435546875 0.3368055555555556 0.439453125 0.3732638888888889