0 0.38657416875 1 0.398694571875 0.9882459138888889 0.42541261406249997 0.9323287722222222 0.4343170609375 0.9011884916666667 0.435334671875 0.876133838888889 0.35114155625 0.6542780666666667 0.3520666546875 0.6315011111111111 0.34640475625 0.6204257416666666 0.332671 0.6199913944444444 0.30771064843749996 0.6326323222222222 0.22726490312499997 0.6947057361111111 0.2257800453125 0.6936451638888889 0.15976423125 0.7578220555555556 0.26077352187499997 1 0.38657416875 1
0 1 0.2678602666666667 0.9815852515625 0.2237094166666667 0.965253384375 0.22454438333333332 0.9433552578125 0.23702874999999998 0.8907423718749999 0.25335636944444445 0.8189235453125001 0.29112259166666665 0.8174386874999999 0.29006201944444443 0.8068157593749999 0.30708412222222226 0.8031059640624999 0.32318454722222223 0.8072830046874999 0.33319934444444443 0.822642734375 0.3500295666666667 0.8484497640625 0.4294004833333333 0.8570813796874999 0.44259699166666666 0.8651579359375001 0.46945967222222224 0.8923087109375001 0.5345558527777778 0.9105456437500001 0.5557849111111112 0.9390354671875001 0.5691026527777778 0.982417771875 0.5731353972222222 1 0.567428638888889 1 0.2678602666666667
0 0.7696943218750001 0.28056987222222224 0.707850853125 0.3172578611111111 0.703907434375 0.32030067500000003 0.6960205953124999 0.3263863055555556 0.6949543828125 0.33382795555555556 0.757191375 0.47554768611111115 0.7784419296875 0.4790071861111111 0.8007586999999999 0.4750250416666667 0.8449249921875 0.44094551944444443 0.8426953562499999 0.42060281388888887 0.8195805093749999 0.35018612222222223 0.8014360843749999 0.3266793666666667 0.801991146875 0.3130131944444444 0.8098293812499999 0.28931456111111115 0.8090846031250001 0.2700324277777778 0.7969282125 0.2683809527777778 0.7696943218750001 0.28056987222222224
0 0.6893990828125001 0.4329859916666666 0.7241011687500001 0.4062092277777778 0.7117550609375 0.3716094444444445 0.69258833125 0.33565364166666667 0.6932359015625 0.31970977222222224 0.6897550328125 0.31136410833333333 0.66419101875 0.32005820277777774 0.6482762296875 0.31689415277777777 0.6240120515625 0.3312042111111111 0.62252719375 0.33014364166666665 0.6228533281249999 0.3409235583333334 0.666386140625 0.4352990111111111 0.6769651609375 0.43816760833333335 0.6893990828125001 0.4329859916666666
0 0.36402393593750004 0.5251968722222222 0.32667826875 0.5606324138888888 0.3239421765625 0.5715688833333333 0.38877414843749997 0.6870168416666667 0.396198434375 0.6923196916666666 0.431411675 0.6717674472222223 0.45228749218750003 0.6468340305555556 0.45511609531249997 0.6336198611111111 0.4216511515625 0.5358884833333333 0.4153369859375 0.5032532861111112 0.4071240140625 0.49855900000000003 0.40582417656249997 0.4929430416666667 0.4070315046875 0.5008366972222222 0.386895765625 0.50754855 0.36638998749999996 0.5233711833333333 0.36402393593750004 0.5251968722222222
0 0.37919394687499997 0.5090787833333333 0.383648521875 0.5122604972222222 0.4023919109375 0.5022103777777778 0.4153369859375 0.5032532861111112 0.4175666203125 0.5235959944444445 0.43678195468750003 0.5771648 0.44165517187500003 0.5888487305555555 0.4477796203125 0.5885356194444444 0.464619509375 0.5689227111111111 0.4370014875 0.4777113083333333 0.42985472968750005 0.46557536944444444 0.410415165625 0.4739563555555556 0.408837796875 0.4751734833333333 0.4021582875 0.4891527666666667 0.37919394687499997 0.5090787833333333
0 0.41690965625 0.46453246111111113 0.41505475625 0.4725826722222222 0.4229415953125 0.46649704444444445 0.43421679375 0.47103477777777775 0.4482813796875 0.5197527416666666 0.4546394546875 0.5324972388888889 0.48303207031250006 0.5105889777777778 0.46219076406250004 0.4406242916666666 0.45537014062500003 0.43926827500000004 0.4224304421875 0.4602725222222222 0.41690965625 0.46453246111111113
0 0.603510971875 0.38453054999999997 0.6086617171875 0.3893813916666667 0.6274976171875 0.37705357777777776 0.6103708046875 0.3284921694444444 0.6004879562500001 0.32729270555555556 0.5965445375 0.33033551944444445 0.5860141171875 0.34507991944444444 0.603510971875 0.38453054999999997
0 0.6474044296875 0.3947878166666667 0.63060375 0.3570063222222222 0.6267042375 0.34015843888888886 0.6558855375 0.3176416111111111 0.6509198109375001 0.30823538055555555 0.6228047250000001 0.32331055555555555 0.6188613046875 0.32635336944444443 0.612459325 0.3334995694444444 0.6157551734375 0.34640062222222223 0.628982475 0.37811414722222225 0.638217753125 0.3952574833333334 0.6441571828125 0.3994997638888889 0.6474044296875 0.3947878166666667
0 0.4772682671875 0.4267839055555555 0.4918393109375 0.4442226916666666 0.5061281296875 0.4309908611111111 0.4950818578125 0.4020070416666667 0.4891424296875 0.3977647638888889 0.48519900937499993 0.40080757777777776 0.47239505 0.415099975 0.4772682671875 0.4267839055555555
0 0.45694750781250004 0.4380511472222222 0.46140207968749997 0.4412328555555556 0.47235584062499997 0.4724943722222222 0.48015016875 0.46868643888888883 0.4652043859375 0.4228547333333333 0.4559252 0.42560209722222225 0.4515874390625 0.4289491916666667 0.43917782031249997 0.4429373083333334 0.444421078125 0.4455104555555556 0.45694750781250004 0.4380511472222222