0 1 0.5542169222222222 0.9773037328124999 0.3217460861111111 0.8896356046875 0.29288415 0.8885704249999999 0.29464260555555555 0.8752933625000001 0.3371020722222222 0.879347246875 0.4311107138888889 0.901680815625 0.7018553111111111 0.9000355703125 0.7164951666666667 0.8866197093749999 0.7365385694444444 0.8865731640625001 0.7570562083333333 0.8930839046875001 0.7712577388888888 0.9021666109375 0.780311536111111 0.9227186453125 0.7913729666666667 1 0.8118235333333332 1 0.5542169222222222
0 0.09479767812499999 0.41506877777777773 0.074871075 0.4209106527777778 0.06942585625 0.43861730555555556 0.06926336562499999 0.46844455 0.0608518 0.5397454055555555 0.052533325 0.5700109805555555 0.051142825 0.5977572888888889 0.04256960625 0.6149164083333334 0.049937668750000004 0.6274020277777778 0.06773239375 0.6417127694444444 0.1375444796875 0.6744587416666666 0.22519783750000003 0.7009978194444445 0.23145383437499997 0.7020928944444444 0.24113911875 0.6963243222222223 0.23180166875000002 0.6741640694444444 0.2336322578125 0.661422638888889 0.22656632031249999 0.55755685 0.21817928281249999 0.49264540833333337 0.1928311515625 0.46395061944444443 0.14331635468749998 0.429159625 0.09479767812499999 0.41506877777777773
0 0.7789940421875 0.6523900194444445 0.7362447296875 0.6449070083333334 0.690135528125 0.6554956777777777 0.6868915859375 0.6642577472222222 0.694049775 0.8110572388888889 0.6886045562499999 0.8287638944444444 0.7088553015625 0.8472365111111111 0.7915966171875 0.8654518444444445 0.7968099468750001 0.8663644027777778 0.83501790625 0.8693205166666667 0.8374045296875 0.8622743555555555 0.8445178453125 0.8616535194444445 0.8394204609375 0.85143135 0.8298511203125001 0.8478903111111111 0.835180396875 0.8394932666666667 0.8295963765625001 0.8347838583333334 0.8335122984375 0.8224074527777778 0.801144775 0.6693292361111112 0.7789940421875 0.6523900194444445
0 1 0.7133212194444444 0.9933660359375001 0.7067083722222223 0.9828234296874999 0.7141928583333332 0.9688980812500001 0.7080233472222223 0.9830087734375 0.7160912805555556 0.98993675 0.7135720166666666 0.992578115625 0.7196323166666667 0.98669280625 0.7223340916666667 0.9863915171875 0.7297452750000001 0.96841145 0.7135361055555556 0.957868840625 0.7210205916666667 0.9552274765625001 0.7149602916666666 0.9343741546875 0.7113100444444445 0.9307595234375 0.7162752666666667 0.9130341968750001 0.7131725583333334 0.9062221671874999 0.7063822055555555 0.9064769125 0.7194886666666667 0.88784771875 0.7386195027777779 0.8925744171875 0.745044825 0.8882878078124999 0.7536243861111112 0.8950998390624999 0.7604147333333333 0.892713215625 0.7674608916666666 0.90075325625 0.776332175 0.9089092421875 0.7758938499999999 0.921490634375 0.7892920305555555 1 0.8090318777777779 1 0.7133212194444444
0 0.7359180750000001 0.8724994749999999 0.7441900078125 0.8627515416666667 0.7384206421874999 0.8561437083333333 0.7003286281250001 0.843877988888889 0.6865192234374999 0.8283988694444444 0.6921497875 0.8125906388888888 0.689833403125 0.7468758472222223 0.6855239390625 0.7237297305555556 0.6596426281250001 0.7210653444444445 0.6457866796875 0.7261038666666667 0.648496609375 0.8273411805555556 0.6461793874999999 0.8455953722222223 0.6731727625 0.8596503055555555 0.7346900656249999 0.870418538888889 0.7359180750000001 0.8724994749999999
0 0.2671829203125 0.6691614638888889 0.26787775156250004 0.6972727972222222 0.26220064062500004 0.7335986694444445 0.2862513625 0.7490044861111111 0.35200872968749997 0.7717107999999999 0.3540940609375 0.7720758249999999 0.36083669375 0.7676581416666666 0.3462173484375 0.6494083111111111 0.3195252609375 0.6279421916666666 0.272605284375 0.6197291333333333 0.27207210625 0.6457595333333334 0.2671829203125 0.6691614638888889
0 0.6007421625 0.8525697055555556 0.6523888375 0.8672080888888889 0.6581235015625 0.8682119055555556 0.6638581671875 0.869215725 0.6702301078125 0.8610011916666666 0.6498634171875 0.8518381833333333 0.6461793874999999 0.8455953722222223 0.64805651875 0.8123362999999999 0.644534978125 0.7762662416666667 0.6016003234375 0.7668848083333333 0.6007421625 0.8525697055555556
0 0.38495681406250004 0.7942719944444445 0.376500375 0.7181525138888888 0.35472033125 0.7050101444444444 0.36083669375 0.7676581416666666 0.32765671875 0.7637161638888889 0.3235554546875 0.77419415 0.3295101625 0.7827004083333334 0.373186196875 0.7996755416666667 0.380484859375 0.8009531249999999 0.38495681406250004 0.7942719944444445
0 0.4237902046875 0.8141314055555556 0.41774324375000005 0.7626914444444444 0.4109312140625 0.7559011 0.38572188125 0.7496223750000001 0.38581413593749997 0.7925560777777777 0.3827555359375 0.803216575 0.3951515859375 0.8147163333333334 0.40557824531250003 0.8165414555555556 0.40680625781249996 0.8186223944444445 0.4237902046875 0.8141314055555556
0 0.58829956875 0.8615875916666667 0.6001395859375 0.8673920749999999 0.60556145 0.8683411388888889 0.62724890625 0.8721373972222223 0.6277355375 0.8666246333333334 0.603198184375 0.8567315805555555 0.5998154421875 0.843077586111111 0.5999779328125 0.813250338888889 0.5923085796875001 0.8081759027777778 0.586423271875 0.810877675 0.58829956875 0.8615875916666667
0 0.546222234375 0.8504902416666666 0.550276953125 0.8605298972222223 0.556272284375 0.8615793444444445 0.5780582515625 0.8616608888888889 0.56999535625 0.8210639333333333 0.5468713578125 0.8151502361111111 0.546222234375 0.8504902416666666