0 0.8683987249999999 0.8954487777777778 0.893369934375 0.9180946444444444 0.9046797078125 0.9193657111111111 0.936957828125 0.7059098972222222 0.8037759140625 0.6625633944444445 0.8009760296874999 0.676797936111111 0.808861028125 0.6845727472222223 0.7873267953124999 0.832109761111111 0.8006338265625 0.8361402055555556 0.818083421875 0.8565079222222222 0.84536869375 0.8798546722222222 0.8683987249999999 0.8954487777777778
0 0.697661984375 0.7263065333333333 0.7231604546875 0.6198318055555556 0.732053840625 0.6171388444444444 0.72669790625 0.6047434388888889 0.7047685687499999 0.5937920916666667 0.6784158265625 0.5879648027777777 0.640024871875 0.5868998111111111 0.6316913546875 0.5964369611111111 0.6381019234374999 0.605920125 0.6328066875 0.7109724944444444 0.6569477640625 0.7193615833333333 0.68140590625 0.7256922583333333 0.697661984375 0.7263065333333333
0 0 0.6587780999999999 0.0105850203125 0.6539483194444444 0.0334860015625 0.6350288166666667 0.029126328125 0.43547854444444445 0.0301445484375 0.41316284722222224 0.04003604375 0.4118494138888889 0.0419965546875 0.39520571388888887 0 0.39598435 0 0.6587780999999999
0 0.190953046875 0.5642154472222222 0.21151556562499998 0.4465497444444444 0.21735732031250002 0.44400972222222224 0.2174697375 0.4354250222222222 0.183288003125 0.4175309916666667 0.14778081406250002 0.41216315000000003 0.09592115625 0.4091790111111111 0.099581984375 0.42234320000000003 0.11193149218750001 0.5661371111111111 0.1322372390625 0.5679784388888889 0.15659331875 0.5710460472222222 0.1778512578125 0.566710986111111 0.190953046875 0.5642154472222222
0 0.5770039515625001 0.5241997416666666 0.576291009375 0.5354862916666667 0.5652957890625 0.5989511277777778 0.5759148328125 0.6086312527777777 0.6048894640625 0.6249486333333333 0.6297798609374999 0.5538419611111111 0.5770039515625001 0.5241997416666666
0 0.533839234375 0.509510875 0.53742455 0.520482725 0.5301253296875 0.5678290222222222 0.5582602578125 0.5817376305555555 0.5747700734375 0.5296390333333333 0.533839234375 0.509510875
0 0.2686541 0.4412318 0.2738708921875 0.4309614472222222 0.258884521875 0.42211298888888893 0.2300587921875 0.4166139027777778 0.1968664578125 0.42037016388888887 0.2024831078125 0.4265764861111111 0.2202037828125 0.4373303333333333 0.211617890625 0.4498128861111111 0.20580311875 0.4836034472222222 0.2092450484375 0.520198163888889 0.2578540265625 0.5230704666666667 0.2686541 0.4412318
0 0.2603929234375 0.5066019472222222 0.26654224531250004 0.5138510555555555 0.2873804625 0.5083116472222222 0.2922434421875 0.4806966277777777 0.29642519375 0.44964312777777776 0.3011659953125 0.44246027499999996 0.3021741234375 0.43199242222222217 0.27240010468750003 0.4254802138888889 0.26996979374999996 0.440553075 0.2603929234375 0.5066019472222222
0 0.3004849546875 0.4390223333333333 0.2882299296875 0.4988729611111111 0.308116025 0.499509475 0.31331573437500004 0.4461401944444444 0.3171607546875 0.4408409555555555 0.31669452656249997 0.4320809944444445 0.3031034875 0.4267031694444445 0.3004849546875 0.4390223333333333
0 0.3271450734375 0.45463821111111113 0.33114875625 0.44830980555555555 0.332894265625 0.4369875833333333 0.318252640625 0.4345222527777778 0.3186814296875 0.44668813888888886 0.3150415796875 0.458513825 0.3099077796875 0.4957427861111111 0.3213764765625 0.4959847666666667 0.3271450734375 0.45463821111111113
0 0.38580454375 0.45516752777777775 0.3690758828125 0.44668493333333337 0.3650594109375 0.4758177027777778 0.37868350624999997 0.4777897333333333 0.383854053125 0.45996384444444444 0.38580454375 0.45516752777777775
0 0.4167663390625 0.48609213333333334 0.42328906406250005 0.48699051666666665 0.43559772656250006 0.48964135 0.43708191718749995 0.47608553333333337 0.44061918125000005 0.4609966277777778 0.4443616171875 0.45243416111111107 0.43095226093749994 0.44514057777777777 0.41438180312500006 0.4474849083333334 0.4173082390625 0.46686431944444445 0.4167663390625 0.48609213333333334
0 0.5102127703125 0.5359421277777778 0.5314045390625 0.5477473 0.5362212734375 0.5125767499999999 0.5443212734375 0.5150300833333333 0.545851709375 0.5090298 0.5361284484375 0.4974660638888889 0.5177512703125 0.490100725 0.5102127703125 0.5359421277777778
0 0.06490466875 0.43123205833333333 0.0961005375 0.4331396388888889 0.0968476796875 0.42043780833333333 0.0925926984375 0.41268523611111113 0.100067546875 0.40740769444444447 0.1014956578125 0.3981442694444445 0.060890290624999996 0.388877225 0.06490466875 0.43123205833333333