0 0.9615484375 0.6042143527777778 0.9887411453125001 0.618624075 0.99973359375 0.6165657416666667 0.9991320312499999 0.4032921305555556 0.86550703125 0.40041805555555554 0.8649286453125 0.41482777777777774 0.87360703125 0.41997407499999995 0.8747640625 0.5671606472222221 0.88807109375 0.5671606472222221 0.9077421875 0.5815703694444444 0.9372489578125001 0.5959800916666667 0.9615484375 0.6042143527777778
0 0.7902940109375 0.37777407500000004 0.7833513015625 0.3674814805555555 0.7607872390625 0.3633643527777778 0.7347518234375 0.3654226861111111 0.6979166671875 0.3755143527777778 0.6913596359375 0.3870375 0.6988809890625001 0.3942425916666667 0.7092950515625 0.49614074166666666 0.7335947921875 0.49716990833333335 0.7578942703125 0.49614074166666666 0.773515625 0.4920236111111111 0.7821940109375001 0.38292036944444446 0.7902940109375 0.37777407500000004
0 0 0.7019953694444444 0.037004948437500004 0.6721462972222222 0.07114010468750001 0.6505319444444444 0.10643229218750001 0.621712036111111 0.125525 0.5970097222222222 0.0919682296875 0.40762314722222226 0.0896541671875 0.38600833333333334 0.09891093749999999 0.38189120277777777 0.09833255156250001 0.3654226861111111 0 0.3971194444444444 0 0.7019953694444444
0 0.27305859374999997 0.36130555555555555 0.27190156249999997 0.3530712972222222 0.23660911406250001 0.34586666666666666 0.20189531249999998 0.35101296388888886 0.1519096359375 0.36316851944444445 0.15734609375 0.3746861111111111 0.1903239578125 0.5084916666666667 0.20999505156249998 0.504375 0.23371640624999998 0.5002578694444445 0.2533875 0.4899648138888889 0.26553723906250004 0.48378935277777774 0.26785156250000003 0.3654226861111111 0.27305859374999997 0.36130555555555555
0 0.6282963546875 0.4086523138888889 0.6398674484375 0.41482777777777774 0.6699528640625 0.42203286944444446 0.6832596359374999 0.3468958333333333 0.6284721359375001 0.33384768611111115 0.6294533859375 0.3448370361111111 0.6282963546875 0.4086523138888889
0 0.6190393234375 0.3942425916666667 0.6271390625000001 0.3396907416666667 0.58506953125 0.33230463055555554 0.5901109375 0.3417495361111111 0.5901109375 0.3890958333333333 0.6190393234375 0.3942425916666667
0 0.3216578125 0.3438078694444444 0.32512916718749996 0.3324861111111111 0.30950807343750003 0.3283689805555556 0.28115833281249997 0.33145648055555554 0.25 0.34465 0.2562802078125 0.3489541666666667 0.27479427031250003 0.3541004638888889 0.2684299484375 0.36851064722222227 0.26785156250000003 0.4024763888888889 0.2765299484375 0.4364425916666667 0.3233934890625 0.42512083333333334 0.3216578125 0.3438078694444444
0 0.3529002609375 0.3355736111111111 0.3523216140625 0.32528101944444443 0.3229166671875 0.327675 0.32281484374999997 0.3427787027777778 0.3233934890625 0.4086523138888889 0.3303361984375 0.4137986111111111 0.34942890625 0.4024763888888889 0.35000755156249996 0.3746861111111111 0.34942890625 0.3438078694444444 0.3529002609375 0.3355736111111111
0 0.35243046875 0.31995879722222226 0.3517432296875 0.3324861111111111 0.3488502609375 0.3932129638888889 0.36794296875 0.38806666666666667 0.36505 0.3355736111111111 0.36794296875 0.3293981472222222 0.36620729218750003 0.3211638888888889 0.35243046875 0.31995879722222226
0 0.38240703125 0.3211638888888889 0.36805546875 0.32304536944444445 0.37025703125 0.3345444444444445 0.3685213546875 0.3468958333333333 0.3691 0.3839495361111111 0.3800927078125 0.3808620361111111 0.3795140625 0.3396907416666667 0.38240703125 0.3324861111111111 0.38240703125 0.3211638888888889
0 0.43216328125 0.3468958333333333 0.4344776046875 0.3283689805555556 0.4356346359375 0.32322222222222224 0.4184028640625 0.31995879722222226 0.41885651093750004 0.3489541666666667 0.43216328125 0.3468958333333333
0 0.49117682343749997 0.3036662027777778 0.47729140625 0.3005782416666667 0.46180546875 0.30761296388888887 0.46745572968750004 0.32528101944444443 0.46977005156249996 0.3438078694444444 0.47613411406250006 0.3427787027777778 0.48828411406249994 0.3417495361111111 0.48770546875000004 0.3283689805555556 0.48886250000000003 0.31292963055555556 0.49117682343749997 0.3036662027777778
0 0.5668403640624999 0.31841574166666664 0.5663901046875 0.3643935194444445 0.5883752609374999 0.3695398138888889 0.587796875 0.3345444444444445 0.595896875 0.3345444444444445 0.5964752609375 0.3283689805555556 0.5854825515625001 0.3201347222222222 0.5668403640624999 0.31841574166666664
0 0.11545130156250001 0.3539092583333333 0.125525 0.3932129638888889 0.15561015625000002 0.38600833333333334 0.154453125 0.37365694444444447 0.14924609375 0.3674814805555555 0.15561015625000002 0.3602763888888889 0.15561015625000002 0.35101296388888886 0.11545130156250001 0.3539092583333333