0 0 0.5198138888888889 0.0011330734375 0.5301064805555555 0.0543609375 0.7277273138888889 0.06593203125 0.7277273138888889 0.0798177078125 0.7277273138888889 0.09659609375 0.723610186111111 0.10874583281250001 0.7194930555555555 0.1243669265625 0.7050833333333334 0.1434596359375 0.696849075 0.1654450515625 0.6844976861111111 0.1822231765625 0.6700879638888888 0.1862731765625 0.5105504638888889 0.1891661453125 0.5012870361111111 0.1943731765625 0.4930527777777778 0.1943731765625 0.48173055555555555 0.1880088546875 0.4755550916666667 0.17990911406250001 0.47452592499999996 0.1509809890625 0.47246713055555556 0.1394096359375 0.47246713055555556 0.1261026046875 0.47452592499999996 0.10353880156249999 0.47967222222222217 0.0908104171875 0.47967222222222217 0.07056067656250001 0.4858476861111111 0.05609661406250001 0.4879064805555556 0.0427895828125 0.4899648138888889 0.0335325515625 0.4920236111111111 0.0213828125 0.49614074166666666 0 0.5020574083333333 0 0.5198138888888889
0 0.9962614578125001 0.754488425 0.9997395828125001 0.516725925 0.9846903640625 0.513638425 0.9650190109375 0.5115796305555556 0.9453479171874999 0.5105504638888889 0.9239411453124999 0.5105504638888889 0.9117914062500001 0.5115796305555556 0.8950130203125 0.5146675916666668 0.8718705734375 0.5177550916666667 0.86029921875 0.5239310194444445 0.8454861984375001 0.5298351861111111 0.8446778640625 0.5445166666666666 0.8556705734375001 0.5651018527777778 0.8747632812499999 0.7102296305555555 0.88517734375 0.7266981472222223 0.9100557296874999 0.7400787027777778 0.9349338546875 0.7493421305555555 0.9661763015625 0.7534592583333334 0.9962614578125001 0.754488425
0 0.7874002609375 0.46114536944444445 0.78392890625 0.4549694444444444 0.774671875 0.4539402777777778 0.75905078125 0.4477648138888889 0.7434294265625 0.4415888888888889 0.7266510421875 0.4385013888888889 0.7162369796875 0.4364425916666667 0.6988802078125 0.4467351861111111 0.7023515625 0.4487939805555555 0.7017729171875 0.5301064805555555 0.7092942703125 0.5403995361111111 0.7226013015625 0.5476041666666667 0.7526864578125 0.5578972222222222 0.76541484375 0.5609847222222222 0.7810359375 0.46217453611111114 0.7874002609375 0.46114536944444445
0 0.6300309890625 0.4179157416666667 0.6345486984375001 0.4295268527777778 0.6340809890625 0.48687685277777776 0.6716875 0.4951111111111111 0.6815231765624999 0.4364425916666667 0.68499453125 0.42512083333333334 0.6757375 0.41997407499999995 0.6583807296875 0.41997407499999995 0.6410239578125 0.41997407499999995 0.6300309890625 0.4179157416666667
0 0.2985145828125 0.43335463055555556 0.2979359375 0.4240912027777778 0.28867890625000003 0.41997407499999995 0.2747934890625 0.4189449083333333 0.2574364578125 0.42203286944444446 0.23313697968749997 0.43129629722222224 0.2209869796875 0.43335463055555556 0.2094158859375 0.43541342499999997 0.19618046875 0.4418722222222223 0.1949518234375 0.45702824166666667 0.2030515625 0.46217453611111114 0.23313697968749997 0.5671606472222221 0.24991510468749997 0.5671606472222221 0.2759505203125 0.5589263888888889 0.2979359375 0.5403995361111111 0.2956216140625 0.43953055555555554 0.2985145828125 0.43335463055555556
0 0.0248541671875 0.45599907500000003 0.0179114578125 0.45702824166666667 0.0092330734375 0.4580574083333333 0 0.4557611111111112 0.0005544265625 0.5023162027777778 0.01096875 0.49614074166666666 0.020225781249999998 0.4930527777777778 0.031218229687499998 0.4951111111111111 0.031218229687499998 0.46937963055555554 0.03468984375 0.46423333333333333 0.0364255203125 0.4580574083333333 0.0248541671875 0.45599907500000003
0 0.1203171875 0.42512083333333334 0.11221718750000001 0.42615 0.1023815109375 0.43026713055555554 0.0902778640625 0.44032916666666666 0.09948880156249999 0.47452592499999996 0.11106015625000001 0.46835 0.11684557343749999 0.4662916666666667 0.1301526046875 0.46217453611111114 0.13130989531249998 0.4364425916666667 0.1342026046875 0.4292379638888889 0.12783828125000002 0.42512083333333334 0.1203171875 0.42512083333333334
0 0.34017109375 0.498199075 0.341328125 0.43129629722222224 0.3459567703125 0.42306203611111115 0.3419067703125 0.40762314722222226 0.3274427078125 0.4065935194444445 0.3124 0.40762314722222226 0.2967786453125 0.41071064722222217 0.28752187500000004 0.41482777777777774 0.2985145828125 0.42203286944444446 0.3037216140625 0.4292379638888889 0.2956216140625 0.4364425916666667 0.2985145828125 0.5208430555555555 0.3147143234375 0.5146675916666668 0.3326497390625 0.504375 0.34017109375 0.498199075
0 0.35868515625 0.48173055555555555 0.36620625 0.477613425 0.36562786406250003 0.41688657500000004 0.3679419265625 0.40968148055555553 0.36562786406250003 0.40041805555555554 0.3528994796875 0.3993888888888889 0.34364244843749997 0.3993888888888889 0.337278125 0.4024763888888889 0.34248515625 0.4117402777777777 0.3471138015625 0.41997407499999995 0.3419067703125 0.42717916666666667 0.3395924484375 0.45188194444444446 0.3407494796875 0.4899648138888889 0.34653515625 0.4858476861111111 0.35868515625 0.48173055555555555
0 0.3905059890625 0.4035060194444445 0.3870346359375 0.39630092499999997 0.3766205734375 0.39527175833333333 0.3671875 0.395575925 0.3725705734375 0.40556435277777775 0.3667848953125 0.41276944444444447 0.36562786406250003 0.4704087972222223 0.37430625 0.46937963055555554 0.3841419265625 0.46114536944444445 0.3847203125 0.41071064722222217 0.3905059890625 0.4035060194444445
0 0.6329239578125 0.41585694444444443 0.6346596359375 0.4035060194444445 0.6259812499999999 0.4035060194444445 0.6161455734375 0.3993888888888889 0.6022601562500001 0.3993888888888889 0.5954861984375001 0.4002055555555556 0.5947388015625 0.4508523138888889 0.6051528640625 0.4508523138888889 0.6126742187499999 0.45188194444444446 0.61903828125 0.459086575 0.6288739578125 0.459086575 0.6294526046875 0.42203286944444446 0.6329239578125 0.41585694444444443